taille|K|temps_gpu|memoryThroughput(GB/s)|computationThroughput(GOPS/s)|computeIntensity(OPS/Byte)
Operator = 2 | Ntest = 10 | Mode = 3 | N_thread = 128
1000000|1|202.083|59.3815|4.94846|0.0833333
1000000|2|241.882|49.611|8.26851|0.166667
1000000|3|285.536|42.0262|10.5066|0.25
1000000|4|327.648|36.6247|12.2082|0.333333
1000000|5|370.992|32.3457|13.4774|0.416667
1000000|6|426.822|28.1147|14.0574|0.5
1000000|7|462.819|25.9281|15.1247|0.583333
1000000|8|513.827|23.3542|15.5694|0.666667
1000000|9|551.475|21.7598|16.3199|0.75
1000000|10|601.005|19.9666|16.6388|0.833333
1000000|11|644.979|18.6053|17.0548|0.916667
1000000|12|686.538|17.479|17.479|1
1000000|13|736.95|16.2833|17.6403|1.08333
1000000|14|779.13|15.4018|17.9688|1.16667
1000000|15|827.322|14.5046|18.1308|1.25
1000000|16|875.466|13.707|18.276|1.33333
1000000|17|919.814|13.0461|18.482|1.41667
1000000|18|961.546|12.4799|18.7199|1.5
1000000|19|1009.06|11.8923|18.8295|1.58333
1000000|20|1055.39|11.3703|18.9504|1.66667
1000000|21|1108.01|10.8302|18.9529|1.75
1000000|22|1142.66|10.5018|19.2533|1.83333
1000000|23|1190.22|10.0821|19.3241|1.91667
1000000|24|1234.95|9.71696|19.4339|2
1000000|25|1281.2|9.3662|19.5129|2.08333
1000000|26|1326.17|9.04862|19.6053|2.16667
1000000|27|1371.23|8.7513|19.6904|2.25
1000000|28|1417.57|8.46516|19.752|2.33333
1000000|29|1462.6|8.20456|19.8277|2.41667
1000000|30|1510.34|7.94525|19.8631|2.5
1000000|31|1556.66|7.70882|19.9144|2.58333
1000000|32|1600.04|7.49979|19.9994|2.66667
1000000|33|1642.37|7.30649|20.0929|2.75
1000000|34|1690.23|7.09962|20.1156|2.83333
1000000|35|1734.28|6.91932|20.1813|2.91667
1000000|36|1780.74|6.73876|20.2163|3
1000000|37|1828.59|6.56243|20.2341|3.08333
1000000|38|1874.95|6.40017|20.2672|3.16667
1000000|39|1921.01|6.24672|20.3018|3.25
1000000|40|1965.24|6.10612|20.3537|3.33333
1000000|41|2010.62|5.96832|20.3917|3.41667
1000000|42|2056.7|5.83459|20.4211|3.5
1000000|43|2108|5.69259|20.3985|3.58333
1000000|44|2150.42|5.5803|20.4611|3.66667
1000000|45|2213.14|5.42215|20.3331|3.75
1000000|46|2237.99|5.36196|20.5542|3.83333
1000000|47|2291.37|5.23704|20.5117|3.91667
1000000|48|2340.75|5.12657|20.5063|4
1000000|49|2378.87|5.0444|20.598|4.08333
1000000|50|2432.62|4.93296|20.554|4.16667
1000000|51|2472.64|4.85312|20.6258|4.25
1000000|52|2516.61|4.76831|20.6627|4.33333
1000000|53|2574.4|4.66129|20.5873|4.41667
1000000|54|2618.62|4.58257|20.6216|4.5
1000000|55|2659.3|4.51246|20.6821|4.58333
1000000|56|2705|4.43623|20.7024|4.66667
1000000|57|2752.12|4.36027|20.7113|4.75
1000000|58|2795.35|4.29284|20.7487|4.83333
1000000|59|2845.08|4.21781|20.7375|4.91667
1000000|60|2880.09|4.16653|20.8327|5
1000000|61|2935.59|4.08776|20.7795|5.08333
1000000|62|2986|4.01875|20.7636|5.16667
1000000|63|3024.54|3.96754|20.8296|5.25
1000000|64|3077.23|3.89961|20.7979|5.33333
1000000|65|3111.87|3.85621|20.8878|5.41667
1000000|66|3157.18|3.80086|20.9047|5.5
1000000|67|3207.24|3.74154|20.8903|5.58333
1000000|68|3245.87|3.697|20.9497|5.66667
1000000|69|3306.53|3.62918|20.8678|5.75
1000000|70|3350.46|3.58159|20.8926|5.83333
1000000|71|3381.74|3.54847|20.9951|5.91667
1000000|72|3435.25|3.49319|20.9592|6
1000000|73|3481.71|3.44659|20.9667|6.08333
1000000|74|3538.36|3.3914|20.9137|6.16667
1000000|75|3582.36|3.34975|20.9359|6.25
1000000|76|3632.84|3.3032|20.9202|6.33333
1000000|77|3667.41|3.27207|20.9958|6.41667
1000000|78|3719.51|3.22623|20.9705|6.5
1000000|79|3755.08|3.19567|21.0382|6.58333
1000000|80|3802.86|3.15552|21.0368|6.66667
1000000|81|3840.21|3.12483|21.0926|6.75
1000000|82|3887.21|3.08705|21.0948|6.83333
1000000|83|3934.99|3.04956|21.0928|6.91667
1000000|84|3986.08|3.01048|21.0734|7
1000000|85|4027.4|2.97959|21.1054|7.08333
1000000|86|4078.74|2.94209|21.0849|7.16667
1000000|87|4118.36|2.91378|21.1249|7.25
1000000|88|4162.86|2.88263|21.1393|7.33333
1000000|89|4203.52|2.85475|21.1727|7.41667
1000000|90|4251.07|2.82282|21.1711|7.5
1000000|91|4303.76|2.78826|21.1443|7.58333
1000000|92|4340.82|2.76446|21.1942|7.66667
1000000|93|4387.16|2.73526|21.1982|7.75
1000000|94|4432.43|2.70732|21.2073|7.83333
1000000|95|4476.33|2.68077|21.2227|7.91667
1000000|96|4525.71|2.65152|21.2121|8
1000000|97|4572.88|2.62417|21.212|8.08333
1000000|98|4621.22|2.59672|21.2065|8.16667
1000000|99|4661.94|2.57404|21.2358|8.25
1000000|100|4707.83|2.54895|21.2412|8.33333
1000000|101|4753.47|2.52447|21.2476|8.41667
1000000|102|4799.04|2.5005|21.2542|8.5
1000000|103|4843.82|2.47738|21.2642|8.58333
1000000|104|4895.62|2.45117|21.2435|8.66667
1000000|105|4938.97|2.42966|21.2595|8.75
1000000|106|4981.02|2.40914|21.2808|8.83333
1000000|107|5028.42|2.38643|21.279|8.91667
1000000|108|5070.3|2.36672|21.3005|9
1000000|109|5116.01|2.34558|21.3057|9.08333
1000000|110|5164.7|2.32346|21.2984|9.16667
1000000|111|5222.17|2.2979|21.2555|9.25
1000000|112|5252.94|2.28444|21.3214|9.33333
1000000|113|5305.74|2.2617|21.2977|9.41667
1000000|114|5346.35|2.24452|21.323|9.5
1000000|115|5396.2|2.22379|21.3113|9.58333
1000000|116|5437.62|2.20685|21.3329|9.66667
1000000|117|5483.91|2.18822|21.3351|9.75
1000000|118|5528.55|2.17055|21.3438|9.83333
1000000|119|5575.4|2.15231|21.3438|9.91667
1000000|120|5618.98|2.13562|21.3562|10
1000000|121|5665.6|2.11804|21.3569|10.0833
1000000|122|5711.33|2.10109|21.361|10.1667
1000000|123|5759.42|2.08354|21.3563|10.25
1000000|124|5812.72|2.06444|21.3325|10.3333
1000000|125|5857.98|2.04849|21.3384|10.4167
1000000|126|5899.38|2.03411|21.3582|10.5
1000000|127|5946.44|2.01801|21.3573|10.5833
1000000|128|5988.37|2.00388|21.3747|10.6667
1000000|129|6033.05|1.98904|21.3822|10.75
1000000|130|6079.64|1.9738|21.3828|10.8333
1000000|131|6124.16|1.95945|21.3907|10.9167
1000000|132|6171|1.94458|21.3904|11
1000000|133|6216.29|1.93041|21.3954|11.0833
1000000|134|6263.89|1.91574|21.3925|11.1667
1000000|135|6316|1.89994|21.3743|11.25
1000000|136|6350.98|1.88947|21.414|11.3333
1000000|137|6396.87|1.87592|21.4167|11.4167
1000000|138|6441.18|1.86301|21.4247|11.5
1000000|139|6488.17|1.84952|21.4236|11.5833
1000000|140|6536.69|1.83579|21.4176|11.6667
1000000|141|6579.53|1.82384|21.4301|11.75
1000000|142|6625.55|1.81117|21.4322|11.8333
1000000|143|6670.34|1.79901|21.4382|11.9167
1000000|144|6717.03|1.7865|21.4381|12
1000000|145|6769|1.77279|21.4212|12.0833
1000000|146|6810.12|1.76208|21.4387|12.1667
1000000|147|6862.39|1.74866|21.4211|12.25
1000000|148|6906.07|1.7376|21.4304|12.3333
1000000|149|6947.87|1.72715|21.4454|12.4167
1000000|150|6993.1|1.71598|21.4497|12.5
1000000|151|7036.97|1.70528|21.4581|12.5833
1000000|152|7081.79|1.69449|21.4635|12.6667
1000000|153|7127.8|1.68355|21.4652|12.75
1000000|154|7183.48|1.6705|21.4381|12.8333
1000000|155|7221.15|1.66179|21.4647|12.9167
1000000|156|7268.1|1.65105|21.4636|13
1000000|157|7312.81|1.64096|21.4692|13.0833
1000000|158|7361.62|1.63008|21.4627|13.1667
1000000|159|7404.44|1.62065|21.4736|13.25
1000000|160|7451.31|1.61046|21.4727|13.3333
1000000|161|7496.9|1.60066|21.4756|13.4167
1000000|162|7545.25|1.5904|21.4705|13.5
1000000|163|7592.72|1.58046|21.4679|13.5833
1000000|164|7632.83|1.57216|21.4861|13.6667
1000000|165|7675.46|1.56342|21.4971|13.75
1000000|166|7722.04|1.55399|21.4969|13.8333
1000000|167|7768.85|1.54463|21.4961|13.9167
1000000|168|7813.89|1.53573|21.5002|14
1000000|169|7862.33|1.52626|21.4949|14.0833
1000000|170|7909.64|1.51714|21.4927|14.1667
1000000|171|7953.99|1.50868|21.4986|14.25
1000000|172|7999.27|1.50014|21.502|14.3333
1000000|173|8045.4|1.49154|21.503|14.4167
1000000|174|8092.85|1.48279|21.5005|14.5
1000000|175|8140.35|1.47414|21.4979|14.5833
1000000|176|8189.78|1.46524|21.4902|14.6667
1000000|177|8232.88|1.45757|21.4992|14.75
1000000|178|8272.68|1.45056|21.5166|14.8333
1000000|179|8324.28|1.44157|21.5033|14.9167
1000000|180|8385.77|1.431|21.4649|15
1000000|181|8413.27|1.42632|21.5136|15.0833
1000000|182|8454.59|1.41935|21.5268|15.1667
1000000|183|8501.84|1.41146|21.5248|15.25
1000000|184|8546.31|1.40411|21.5298|15.3333
1000000|185|8595.07|1.39615|21.524|15.4167
1000000|186|8644.81|1.38812|21.5158|15.5
1000000|187|8687.42|1.38131|21.5254|15.5833
1000000|188|8729.65|1.37462|21.5358|15.6667
1000000|189|8774.41|1.36761|21.5399|15.75
1000000|190|8824.46|1.35986|21.5311|15.8333
1000000|191|8867.5|1.35326|21.5393|15.9167
1000000|192|8915.32|1.346|21.536|16
1000000|193|8968.7|1.33799|21.5193|16.0833
1000000|194|9004.96|1.3326|21.5437|16.1667
1000000|195|9055.06|1.32523|21.5349|16.25
1000000|196|9111.92|1.31696|21.5103|16.3333
1000000|197|9154.24|1.31087|21.5201|16.4167
1000000|198|9207.71|1.30326|21.5037|16.5
1000000|199|9234.78|1.29944|21.549|16.5833
